# 2020 Figure 2b (Clinical category). cols: Adult Med | Surgical | Maternity | Community
1000 | 042 | | |
950 | 063 174 | | |
900 | 055 | | |
850 | 168 | | |
800 | 089 131 149 165 | 143 | |
750 | 033 118 187 | | |
700 | 112 184 | | | 141
650 | 013 099 159 | | |
600 | 023 043 045 060 092 106 117 147 | 142 | 087 |
550 | 161 | 120 | 066 |
500 | 006 016 094 103 | | 022 | 196
450 | 029 064 067 111 125 130 139 | | | 100
400 | 012 138 144 186 198 | | |
350 | 028 032 046 082 086 121 182 | 105 | |
300 | 015 021 135 140 188 | 075 | | 084
250 | 050 052 091 109 136 151 171 189 193 200 | | 019 |
200 | 004 007 025 065 071 085 113 163 173 | | 078 | 047 088
150 | 056 059 101 115 127 183 | 051 | |
100 | 077 116 128 167 | | 097 |
50 | 053 107 132 177 195 | | |
0 | 001 017 036 068 074 076 079 080 081 090 096 102 104 108 126 137 146 150 155 162 175 181 197 | | 156 | 031
