# 2020 Figure 2a (Organ system, partial). cols: Resp | Cardio | MSK | GI | Special Sensory | Endocrine | Integumentary | Neurologic
950 | 174 | | | 063 | | | |
850 | | | | | | 168 | |
800 | | 089 | 143 | | | | 149 165 |
750 | 187 | | 033 058 | 118 | | | 073 |
700 | | | 112 | | | 184 | |
650 | 002 | 040 | | 159 | | | |
600 | 060 | 147 | 043 | 106 | | 023 087 | 092 |
550 | | 009 | 120 161 | | 148 | | |
500 | 103 | 016 034 | | 006 094 | | 157 | | 022
450 | 067 | | | 130 | | 064 111 | 029 139 | 190
400 | 026 144 | 164 | 027 186 | | | 138 | |
350 | 010 086 166 | 046 082 | 083 095 105 | 182 | 028 | 035 121 | 011 |
300 | 015 020 072 | 135 188 | | 021 140 | 075 | | |
250 | 091 179 200 | 052 171 | 136 151 193 | 050 | 189 | | |
200 | | 071 113 | 007 | 173 | | 004 | |
150 | 127 194 | 059 101 | 049 | | | 051 | | 056
100 | 116 | | 077 167 | | | | |
50 | | 107 195 | | | | | 053 192 | 132
0 | 036 044 054 079 137 156 | 001 096 155 181 | 017 068 126 178 | 080 150 | | 076 081 102 197 | 108 122 175 | 104 158
