# 2021 Figure 2a (Organ system, partial). cols: Resp | Cardio | MSK | GI | Special Sensory | Endocrine | Integumentary | Neurologic
1000 | | | 102 131 | | | | | 020
950 | 025 084 | | | | | | |
850 | | | 142 | | | | |
800 | | 069 | | | | | |
750 | | | 154 | | | | |
700 | | 013 | | | | | |
650 | | 023 172 | 042 171 | 003 | | | 010 097 |
600 | 014 117 | | | | | | | 143
550 | 173 | | | 046 | | | 050 |
500 | 101 | | | 193 | | 170 | |
450 | 002 | | 033 067 187 | 031 | | 028 | |
400 | 188 | 039 150 | 027 109 147 | 086 | | 043 | |
350 | 141 | 077 | 015 | 104 120 149 | | 006 130 145 | 162 169 |
300 | 168 | 091 107 166 | 005 | 016 | | | 068 |
250 | 049 070 | 156 | 116 | | 094 | 017 081 114 | 137 | 184
200 | 066 076 195 | 048 061 085 119 140 | 051 177 | 135 | | 065 | |
150 | 093 | 181 | 082 090 197 | | 136 | | 024 |
100 | 108 134 | 001 124 | 058 | 165 | 190 | 163 | 036 | 113
50 | | | | 026 063 | | 056 | | 078
0 | 032 041 060 123 148 155 160 180 | 030 099 189 199 | 075 122 164 | 179 | 038 | 098 182 | 111 186 | 045
