# 2021 Figure 2b (Clinical category). cols: Adult Med | Surgical | Maternity | Community
1000 | 020 040 | | |
950 | 025 084 | | | 133
850 | 096 | | |
800 | 069 | | |
750 | 008 154 | | |
700 | 013 | | |
650 | 034 042 097 172 | 171 | |
600 | 117 158 | | |
550 | 018 046 050 073 | | 080 |
500 | 037 053 106 128 193 | | 170 |
450 | 002 028 031 067 083 167 187 | | |
400 | 027 039 043 044 062 109 126 147 188 | 086 | 105 |
350 | 006 077 104 120 130 141 145 162 169 | | |
300 | 005 071 091 168 | 127 | |
250 | 011 017 049 070 094 114 118 137 138 156 184 194 | | |
200 | 048 051 061 065 066 076 085 119 135 140 161 195 198 | | | 019
150 | 082 093 176 181 197 | | |
100 | 001 021 036 108 113 153 163 165 190 | | |
50 | 026 056 063 078 | | |
0 | 030 032 035 038 041 047 060 075 098 099 100 111 121 122 144 148 151 155 164 178 179 182 185 186 199 | | 054 180 |
