# 2022 Figure 2b (Clinical category). cols: Adult Med | Surgical | Maternity | Community
1000 | 077 099P 163 | | |
900 | 136 | | |
850 | 021P 033 109 | | |
750 | 170 194 | | |
700 | 106 115 134 | | |
650 | 003 150 185 | 128 | |
600 | 056 | | | 073
550 | 020 060 189 | | |
500 | 024 030 075 095 | | |
450 | 049 140 151 162 164 180 199 | | 098 |
400 | 016 050 070 124 131 154 168 | | 065 | 100 167
350 | 093 103 123 173 182 191 193 | | 152 | 064
300 | 008 018 028 062 069 125 130 155 | | |
250 | 079 102 169 186 187 | | | 198
200 | 015 023 034 037 046 048 053 090 126 145 161 179 184 188 195 | 086 | 007 200 | 153
150 | 029 076 143 177 | | |
100 | 005 084 114 122 139 158 196 | | |
50 | 025 085 172 181 | | 192 | 009 144
0 | 001 002 006 010 013 014 017 032 036 039 043 058 061 068 071 078 081 091 094 101 107 111 113 119 135 137 147 156 | | 026 047 080 | 052 087 133 178
