# 2022 Figure 2a (Organ system, partial). cols: Resp | Cardio | MSK | GI | Special Sensory | Endocrine | Integumentary | Neurologic
1000 | | 077 099P | | | | 163 | |
900 | | | | | 136 | | |
850 | | | 033 109 | | | | |
750 | | | | | | 170 | |
700 | 134 | | | | | | |
650 | | 150 | | 003 | | | | 045
600 | | | 051 | 149 | | 056 | |
550 | 060 | 189 | 067 082 171 | | | | | 020
500 | 108 | 030 | 075 | | 095 | | 024 |
450 | 049 160 180 | 140 199 | 164 | | | 098 | 162 |
400 | 070 124 168 | | 131 154 | 016 120 165 | | 065 | 050 |
350 | 066 093 148 173 | 123 | | 193 | | 182 | |
300 | 155 | 069 | 197 | | | 028 130 | |
250 | 141 | | 042 102 187 | | | | 079 169 186 |
200 | 188 200 | 023 048 | 015 090 | 046 086 179 | | 145 195 | | 184
150 | 076 | | 027 116 177 | | 038 190 | | | 143
100 | 041 084 | | 005 122 | 104 | | 114 139 | |
50 | 025 | 085 172 181 | | | | | |
0 | 002 014 032 101 117 | 001 013 039 061 091 107 119 132 156 | 058 142 147 | 026 031 135 | | 006 017 043 081 | 010 036 068 111 137 | 078 113
