# 2023 Figure 2b (Clinical category). cols: Adult Med | Surgical | Maternity | Community
1000 | 016 140 190 | | |
900 | 027 | | |
800 | 052 | | |
750 | 074 | | | 083
700 | 158 | | |
650 | 048 098 104 110 132 135 164 179 | | |
600 | 064 108 180 | | |
550 | 017 018 025 068 141 | | |
500 | 035 066 078 157 171 | | | 198
450 | 036 061 115 122 147 162 169 182 188 | 166 | 192 |
400 | 065 120 123 128 161 184 | | | 133
350 | 003 028 032 033 058 094 095 101 114 125 | | |
300 | 002 077 091 102 136 139 | | |
250 | 043 045 073 090 106 130 150 189 200 | | |
200 | 024 046 051 070 117 121 154 163 168 173 191 | | 057 |
150 | 005 014 063 079 081 082 097 126 149 165 187 | | |
100 | 009 010 012 026 042 050 053 062 145 170 195 199 | | 153 |
50 | 007 021 075 085 089 107 134 148 193 | | | 019
0 | 006 008 011 030 037 039 041 044 059 060 084 099 109 113 119 124 142 143 144 174 176 178 194 197 | | | 087 100
