# 2023 Figure 2a (Organ system, partial). cols: Resp | Cardio | MSK | GI | Special Sensory | Endocrine | Integumentary | Neurologic
1000 | | 140 156 | | 016 | 190 | | |
900 | | | 027 | | | | |
850 | | | | | | | 111 | 020
800 | | | 131 | | | | |
650 | | 048 132 | 164 | 104 135 179 | | 098 | |
600 | 108 180 | | | | | | |
550 | 025 141 | 001 | | | | 017 | 068 |
500 | 066 | 172 | 171 | | | | | 078
450 | 188 | 023 061 166 | 122 147 | | | 182 | 036 162 169 |
400 | | 123 181 | | 086 120 | | 065 | | 184
350 | 032 101 | | 033 058 | 003 031 | 038 095 | 028 114 | |
300 | 002 | 077 091 | 102 | | 136 | 139 | 186 |
250 | 160 200 | 150 189 | 090 | | | 043 130 | 137 | 045
200 | 070 076 117 155 168 173 | | 051 154 | 046 | | 163 | 024 |
150 | 014 | 013 | 005 015 082 116 187 | 063 149 165 | | 081 | 079 097 |
100 | | 199 | 042 177 | 026 | | 056 145 170 195 | 010 050 |
50 | 134 148 | 085 107 | 075 | 193 | | | |
0 | 041 049 060 084 093 124 | 030 039 069 099 119 | 109 142 197 | | | 006 | | 113 143
