# 2024 Figure 2b (Body system, partial). cols: Cardiovascular | Injuries/MSK | Respiratory | Psych | Sexual/Repro
1000 | | 009 | 013 | 183 |
850 | 050 | 089 | | |
750 | | | | 073 196 | 174
700 | | 160 | 186 | 112 | 094
650 | | 123 | 185 | | 015 046
600 | | 098 | | 077 |
550 | | 130 | 018 132 | 085 |
500 | 125 | 017 042 184 | | |
450 | 005 134 | 178 193 | | |
400 | | 087 102 | | | 131
350 | 162 | 058 082 136 | 171 | | 179
300 | 128 | | 056 111 | 156 | 107 147
250 | 019 024 188 192 | 027 | 101 | 014 071 | 057
200 | 011 092 | 189 | | | 104
150 | | | 139 | | 022
100 | 023 066 142 | | | 175 |
50 | 159 | | | 061 |
0 | 146 176 | 099 108 168 | 122 | 052 133 166 |
