# 2024 Figure 2a (Blueprint). cols: Acute | Chronic | Emergent | Preventive | Foundations
1000 | | 009 183 | 013 | |
950 | | | 079 | |
850 | 050 089 | | 127 | |
800 | 026 | | | |
750 | 174 | 073 196 | | 002 063 |
700 | 170 186 | 094 112 | 041 160 | 119 187 |
650 | 015 020 | 046 121 185 | 123 | 088 113 182 | 106
600 | 124 126 152 | 037 077 165 | 098 154 | 034 095 |
550 | 018 130 132 | 025 085 | 004 | | 137
500 | 038 | 017 042 069 125 | 076 184 | |
450 | 005 012 048 067 093 114 178 193 | 051 134 | 030 | 039 055 083 153 | 033
400 | 087 091 118 | 131 198 | 102 151 199 | 049 169 |
350 | 036 078 082 136 162 180 197 200 | 179 | 058 070 171 | 021 |
300 | 001 003 031 056 060 084 111 147 158 164 | 075 107 128 144 156 172 | 035P | 100 110 |
250 | 024 072 096 101 140 155 | 014 057 071 190 | 010 019 027 148 188 192 | 129 177 |
200 | 008 040 104 189 | 011 054 097 150 | 092 | | 043 081
150 | 022 065 143 149 | 032 139 | 138 | 028 |
100 | 062 080 | 175 | 023 047 066 142 | | 117 173
50 | | 061 159 | 086 | 090 | 016
0 | 029 044 053 099 109 116 122 145 | 105 146 161 168 181 | 052 108 115 120 133 166 176 195 | 007 045 068 074 103 135 141 157 | 059 194
